[gd_scene format=3 uid="uid://b3lnfnn3odxmx"]

[ext_resource type="Script" uid="uid://lbclfoyfhgm1" path="res://scripts/benson.gd" id="1_u4qym"]

[sub_resource type="StandardMaterial3D" id="StandardMaterial3D_u4qym"]
albedo_color = Color(1, 1, 0, 1)

[sub_resource type="CapsuleMesh" id="CapsuleMesh_dp8yd"]
material = SubResource("StandardMaterial3D_u4qym")
radius = 0.1
height = 0.4

[sub_resource type="StandardMaterial3D" id="StandardMaterial3D_81iw3"]
albedo_color = Color(0.20871013, 0.20871016, 0.20871013, 1)

[sub_resource type="SphereMesh" id="SphereMesh_u4qym"]
material = SubResource("StandardMaterial3D_81iw3")
radius = 0.06
height = 0.12

[sub_resource type="CapsuleShape3D" id="CapsuleShape3D_81iw3"]
radius = 0.10107422
height = 0.40304565

[node name="Benson" type="CharacterBody3D" unique_id=193555425]
transform = Transform3D(-4.371139e-08, 0, 1, 0, 1, 0, -1, 0, -4.371139e-08, 0, 0, 0)
script = ExtResource("1_u4qym")

[node name="Body" type="MeshInstance3D" parent="." unique_id=1594903681]
transform = Transform3D(-1.0074354e-08, 4.253462e-08, -1.0000001, 0.9730785, 0.23047434, 4.7365595e-16, 0.23047431, -0.97307837, -4.3711385e-08, 0.039527953, 0, -0.032612264)
mesh = SubResource("CapsuleMesh_dp8yd")

[node name="Head" type="MeshInstance3D" parent="Body" unique_id=756881920]
transform = Transform3D(0.23047422, 0.97307795, 0, -0.97307795, 0.23047422, 0, 0, 0, 1, 0.07656011, 0.21735314, 0)
mesh = SubResource("SphereMesh_u4qym")

[node name="BodyCollider" type="CollisionShape3D" parent="." unique_id=833329893]
transform = Transform3D(-1.1313338e-08, 4.222194e-08, -1.0000001, 0.9659259, 0.25881907, 0, 0.25881904, -0.96592575, -4.37114e-08, 0.039527953, -0.0021349192, -0.033357084)
shape = SubResource("CapsuleShape3D_81iw3")

[node name="Camera3D" type="Camera3D" parent="." unique_id=889376277]
transform = Transform3D(1, 1.5954242e-08, 3.015593e-09, -1.5954242e-08, 0.93101126, 0.36499053, 3.015593e-09, -0.36499053, 0.93101126, 0.039527826, 1.8323648, 2.8910785)
fov = 69.0
